每幅图像的标定误差：
第1幅图像的平均误差：6.74086像素
第2幅图像的平均误差：0.530515像素
第3幅图像的平均误差：15.6633像素
第4幅图像的平均误差：3.00522像素
第5幅图像的平均误差：16.4017像素
第6幅图像的平均误差：0.430888像素
第7幅图像的平均误差：40.8396像素
第8幅图像的平均误差：1.7971像素
第9幅图像的平均误差：3.10705像素
第10幅图像的平均误差：1.98726像素
第11幅图像的平均误差：8.42473像素
第12幅图像的平均误差：10.3342像素
第13幅图像的平均误差：26.955像素
第14幅图像的平均误差：93.4879像素
第15幅图像的平均误差：34.6116像素
第16幅图像的平均误差：1.07871像素
第17幅图像的平均误差：51.0918像素
第18幅图像的平均误差：16.6311像素
第19幅图像的平均误差：1.03206像素
总体平均误差：17.5869像素

相机内参数矩阵：
[571.1629858525308, 0, 971.1453139022285;
 0, 573.0539013250177, 545.1430140444652;
 0, 0, 1]

畸变系数：
[0.1236573699270733;
 -0.01043750769184687;
 -0.02332798440768482;
 0.008157545917257385]


第1幅图像的旋转向量：
[-2.12744, -1.83018, -0.54806]
第1幅图像的旋转矩阵：
[0.1248171443591735, 0.9869933717111108, 0.1013151749362081;
 0.8802299138862986, -0.157274987308372, 0.447727458468733;
 0.4578383766939387, 0.03329658489221604, -0.8884117053825746]
第1幅图像的平移向量：
[-80.4783, -127.649, 210.49]

第2幅图像的旋转向量：
[-1.9807, -1.8335, -0.34869]
第2幅图像的旋转矩阵：
[0.1002866337651851, 0.9902787888636636, -0.09638729903240856;
 0.8857656562993056, -0.04473715748128548, 0.4619716320956893;
 0.4531686145450807, -0.1317061390642441, -0.8816414802651258]
第2幅图像的平移向量：
[-90.1367, -36.0445, 386.022]

第3幅图像的旋转向量：
[-2.15909, -1.99952, -1.02746]
第3幅图像的旋转矩阵：
[-0.04019998845107342, 0.8967043587650471, 0.4408006963473387;
 0.8804651464875285, -0.1767829175077096, 0.439919226561146;
 0.4724035211016404, 0.4057943975084274, -0.7824102633539161]
第3幅图像的平移向量：
[-240.313, -83.9531, 164.301]

第4幅图像的旋转向量：
[-1.92268, -1.83585, -0.146079]
第4幅图像的旋转矩阵：
[0.09691896085521978, 0.9651371799524919, -0.243139751789163;
 0.9145428981318819, 0.01003022884002469, 0.4043645409602024;
 0.3927060000856656, -0.2615523243688882, -0.8816872342922683]
第4幅图像的平移向量：
[33.0135, 46.206, 447.553]

第5幅图像的旋转向量：
[-1.87854, -1.79182, 0.5579]
第5幅图像的旋转矩阵：
[0.05889607079421821, 0.8012637779783063, -0.5954054172955885;
 0.9976397992401944, -0.02615286587149102, 0.06348904298138564;
 0.03529991242180158, -0.597739396147384, -0.8009129356405563]
第5幅图像的平移向量：
[223.336, 41.3711, 481.339]

第6幅图像的旋转向量：
[-2.1359, -2.02287, -0.246756]
第6幅图像的旋转矩阵：
[0.05548327888362137, 0.9984173085969649, -0.009191499242012555;
 0.9669305452389473, -0.05143384744335122, 0.2497996797857973;
 0.2489315698103299, -0.02274724667223715, -0.9682539110794219]
第6幅图像的平移向量：
[-39.4862, 24.5304, 577.703]

第7幅图像的旋转向量：
[2.11885, 1.8891, 0.737889]
第7幅图像的旋转矩阵：
[0.054106271454338, 0.8684025242089485, 0.4928991451979165;
 0.9725786632152474, -0.1576494368208579, 0.1709894702269973;
 0.2261929602082092, 0.4701315890445923, -0.8531195893511379]
第7幅图像的平移向量：
[-566.808, 135.881, 311.841]

第8幅图像的旋转向量：
[-2.31098, -1.99838, -0.412309]
第8幅图像的旋转矩阵：
[0.1246057181842546, 0.9788418017957175, 0.1623026249113067;
 0.963147217939436, -0.1586255707567305, 0.2172219254072355;
 0.2383712473670249, 0.1292542276268577, -0.9625344113688992]
第8幅图像的平移向量：
[-277.443, 101.689, 492.713]

第9幅图像的旋转向量：
[2.27314, 2.11717, 0.355167]
第9幅图像的旋转矩阵：
[0.05719960170454874, 0.982850779559198, 0.1753070183555656;
 0.9862537252104021, -0.08289351657465505, 0.1429414370240236;
 0.155021918042084, 0.164721006643855, -0.9740817187981656]
第9幅图像的平移向量：
[-156.096, 225.714, 488.204]

第10幅图像的旋转向量：
[2.22528, 2.1346, 0.361909]
第10幅图像的旋转矩阵：
[0.02775579001227568, 0.9809284652034176, 0.1923771355293074;
 0.9895203684156573, -0.05424286241944676, 0.1338176085837967;
 0.1417005879004588, 0.1866468805799124, -0.9721542497764705]
第10幅图像的平移向量：
[-73.5639, -133.303, 307.717]

第11幅图像的旋转向量：
[-2.1093, -2.11494, -0.465986]
第11幅图像的旋转矩阵：
[-0.02277095091142178, 0.9910345417899485, 0.1316511328237497;
 0.954596458584985, -0.01757131922161848, 0.2973833384670656;
 0.2970304446544073, 0.1324454065643612, -0.9456379482806335]
第11幅图像的平移向量：
[-117.777, -185.495, 216.137]

第12幅图像的旋转向量：
[-2.14591, -2.03072, -0.510601]
第12幅图像的旋转矩阵：
[0.02951848196589446, 0.9888783224588218, 0.1457680438006065;
 0.9402216513478401, -0.07696870568986225, 0.3317515104429334;
 0.3392814547822641, 0.1272614698777826, -0.9320368086751599]
第12幅图像的平移向量：
[-199.216, -155.655, 208.123]

第13幅图像的旋转向量：
[2.31563, 1.9711, 0.503144]
第13幅图像的旋转矩阵：
[0.1295723923801589, 0.9503410650133755, 0.2829538041485326;
 0.9696897768303714, -0.1810604302544647, 0.1640696721113716;
 0.2071538844519871, 0.2531185112655965, -0.9449964483590089]
第13幅图像的平移向量：
[-469.273, -129.87, 305.25]

第14幅图像的旋转向量：
[2.17179, 1.91474, 0.461592]
第14幅图像的旋转矩阵：
[0.1073038557393573, 0.924153187218745, 0.3666425631277728;
 0.9897023209605012, -0.1344266415943738, 0.0491812353957827;
 0.09473752386918768, 0.3575896595024712, -0.929061051270605]
第14幅图像的平移向量：
[-658.241, -10.3456, 235.237]

第15幅图像的旋转向量：
[-1.88219, -1.96115, 0.253499]
第15幅图像的旋转矩阵：
[-0.005523470699674626, 0.9120355311630503, -0.410073994746756;
 0.9863298334004508, 0.07250622781668548, 0.1479740067445416;
 0.1646904703243894, -0.4036508848298583, -0.8999683395322327]
第15幅图像的平移向量：
[313.89, 55.7897, 417.221]

第16幅图像的旋转向量：
[-2.09761, -2.2448, 0.216833]
第16幅图像的旋转矩阵：
[-0.07131610889650464, 0.9874807489740569, -0.1406974876019399;
 0.9961537593087508, 0.06331168950877009, -0.06057489402870663;
 -0.05090874607477332, -0.1444762969389142, -0.9881978036789562]
第16幅图像的平移向量：
[-31.9449, -34.911, 445.144]

第17幅图像的旋转向量：
[-1.8679, -1.88241, 0.140284]
第17幅图像的旋转矩阵：
[0.04799798742167372, 0.9147719855036548, -0.4011089724017278;
 0.9641213388024627, 0.06253638626927427, 0.2579907836689658;
 0.2610866470526899, -0.3991007578670847, -0.878949570681221]
第17幅图像的平移向量：
[122.901, -151.9, 248.112]

第18幅图像的旋转向量：
[2.13909, 1.91504, 0.826637]
第18幅图像的旋转矩阵：
[0.03096695204897693, 0.8699925032043944, 0.4920915486461316;
 0.9548109221277169, -0.1713483142554941, 0.2428494558104243;
 0.2955962632822262, 0.4623340778808676, -0.8359844792600115]
第18幅图像的平移向量：
[-258.586, -155.043, 203.441]

第19幅图像的旋转向量：
[-1.89396, -2.04576, -0.541577]
第19幅图像的旋转矩阵：
[-0.08545226631059422, 0.9957403171497955, 0.03462847072580452;
 0.8824466654069322, 0.05950169879774947, 0.4666341506494867;
 0.4625859843256919, 0.07043272423104569, -0.8837722774916761]
第19幅图像的平移向量：
[-114.462, -91.2438, 277.832]


